-1.22460635382238E-16
-0.0998334166468284
-0.198669330795062
-0.29552020666134
-0.389418342308651
-0.479425538604204
-0.564642473395036
-0.644217687237692
-0.717356090899523
-0.783326909627484
-0.841470984807897
-0.891207360061436
-0.932039085967227
-0.963558185417193
-0.98544972998846
-0.997494986604055
-0.999573603041505
-0.991664810452468
-0.973847630878195
-0.946300087687414
-0.909297426825681
-0.863209366648873
-0.808496403819589
-0.745705212176719
-0.67546318055115
-0.598472144103955
-0.515501371821463
-0.427379880233828
-0.334988150155903
-0.239249329213981
-0.141120008059865
-0.0415806624332887
0.0583741434275818
0.15774569414325
0.255541102026833
0.350783227689622
0.442520443294854
0.529836140908495
0.61185789094272
0.687766159183975
0.756802495307929
0.818277111064411
0.871575772413589
0.916165936749456
0.951602073889517
0.977530117665097
0.993691003633465
0.999923257564101
0.99616460883584
0.982452612624332
0.958924274663138
0.925814682327731
0.883454655720152
0.8322674422239
0.772764487555986
0.70554032557039
0.631266637872319
0.550685542597635
0.464602179413755
0.373876664830233
0.279415498198923
0.182162504272092
0.0830894028174932
